Two Matrix Operation

1 1 1
2 2 2
3 3 3

3 3 3      
2 2 2
1 1 1

Addition
[[4. 4. 4.]
 [4. 4. 4.]
 [4. 4. 4.]]

Substraction
[[-2. -2. -2.]
 [ 0.  0.  0.]
 [ 2.  2.  2.]]

Multiplication
[[ 6.  6.  6.]
 [12. 12. 12.]
 [18. 18. 18.]]

Element by element multiplication
[[3. 3. 3.]
 [4. 4. 4.]
 [3. 3. 3.]]

1 1 1 1 1 1 1
2 2 2 2 2 2 2
3 3 3 3 3 3 3
4 4 4 4 4 4 4
5 5 5 5 5 5 5 
6 6 6 6 6 6 6  
7 7 7 7 7 7 7

7 7 7 7 7 7 7
6 6 6 6 6 6 6
5 5 5 5 5 5 5
4 4 4 4 4 4 4
3 3 3 3 3 3 3
2 2 2 2 2 2 2
1 1 1 1 1 1 1

Addition
[[8. 8. 8. 8. 8. 8. 8.]
 [8. 8. 8. 8. 8. 8. 8.]
 [8. 8. 8. 8. 8. 8. 8.]
 [8. 8. 8. 8. 8. 8. 8.]
 [8. 8. 8. 8. 8. 8. 8.]
 [8. 8. 8. 8. 8. 8. 8.]
 [8. 8. 8. 8. 8. 8. 8.]]

Substraction
[[-6. -6. -6. -6. -6. -6. -6.]
 [-4. -4. -4. -4. -4. -4. -4.]
 [-2. -2. -2. -2. -2. -2. -2.]
 [ 0.  0.  0.  0.  0.  0.  0.]
 [ 2.  2.  2.  2.  2.  2.  2.]
 [ 4.  4.  4.  4.  4.  4.  4.]
 [ 6.  6.  6.  6.  6.  6.  6.]]

Multiply
[[ 28.  28.  28.  28.  28.  28.  28.]
 [ 56.  56.  56.  56.  56.  56.  56.]
 [ 84.  84.  84.  84.  84.  84.  84.]
 [112. 112. 112. 112. 112. 112. 112.]
 [140. 140. 140. 140. 140. 140. 140.]
 [168. 168. 168. 168. 168. 168. 168.]
 [196. 196. 196. 196. 196. 196. 196.]]

Multiply element
[[ 7.  7.  7.  7.  7.  7.  7.]
 [12. 12. 12. 12. 12. 12. 12.]
 [15. 15. 15. 15. 15. 15. 15.]
 [16. 16. 16. 16. 16. 16. 16.]
 [15. 15. 15. 15. 15. 15. 15.]
 [12. 12. 12. 12. 12. 12. 12.]
 [ 7.  7.  7.  7.  7.  7.  7.]]






8 4 9 2 6 9 6
8 7 4 4 3 1 6
5 6 4 1 2 9 3
1 2 3 4 3 6 7
3 2 1 6 2 9 7
2 4 7 7 4 9 9
7 9 6 5 7 1 2

Determinant
-245388

Inverse
[[ 0.09703816  0.07925    -0.06103803 -0.18192414  0.12954586 -0.04969681
  -0.03034786]
 [-0.1389147   0.03202276  0.16364288  0.13562195 -0.11590624 -0.00696856
   0.037565  ]
 [ 0.05181997  0.0164515  -0.02537206 -0.23892774 -0.10485028  0.24139322
  -0.04980276]
 [-0.02987921 -0.0198665  -0.1058487  -0.33471074  0.1724412   0.18261284
   0.0541958 ]
 [ 0.06109508 -0.1406385  -0.06152705  0.37370206  0.00433192 -0.25432784
   0.15227721]
 [ 0.01013905 -0.07550084  0.07383409 -0.02362789  0.06355241 -0.01245782
   0.0016586 ]
 [-0.01418162  0.1088195  -0.00359431  0.28385251 -0.09532251 -0.07903809
  -0.08270576]]

Transpose
[[8. 8. 5. 1. 3. 2. 7.]
 [4. 7. 6. 2. 2. 4. 9.]
 [9. 4. 4. 3. 1. 7. 6.]
 [2. 4. 1. 4. 6. 7. 5.]
 [6. 3. 2. 3. 2. 4. 7.]
 [9. 1. 9. 6. 9. 9. 1.]
 [6. 6. 3. 7. 7. 9. 2.]]


OBE

13x1 + 72x2 + 57x3 + 94x4 + 90x5 + 92x6 + 35x7 = 453
40x1 + 93x2 + 90x3 + 99x4 + x5 + 95x6 + 66x7 = 484
48x1 + 91x2 + 71x3 + 48x4 + 93x5 + 32x6 + 67x7 = 450
7x1 + 93x2 + 29x3 + 2x4 + 24x5 + 24x6 + 7x7 = 186
41x1 + 84x2 + 44x3 + 40x4 + 82x5 + 27x6 + 49x7 = 367
3x1 + 72x2 + 6x3 + 33x4 + 97x5 + 34x6 + 4x7 = 249
43x1 + 82x2 + 66x3 + 43x4 + 83x5 + 29x6 + 61x7 = 407

13 72 57 94 90 92 35
40 93 90 99 1 95 66
48 91 71 48 93 32 67
7 93 29 2 24 24 7
41 84 44 40 82 27 49
3 72 6 33 97 34 4
43 82 66 43 83 29 61


453 484 450 186 367 249 407

[[ 1.  0.  0.  0.  0.  0.  0.  1.]
 [-0.  1. -0. -0. -0. -0. -0.  1.]
 [-0. -0.  1. -0. -0. -0.  0.  1.]
 [-0. -0. -0.  1. -0. -0.  0.  1.]
 [-0. -0. -0. -0.  1. -0. -0.  1.]
 [-0. -0. -0. -0. -0.  1. -0.  1.]
 [-0. -0. -0. -0. -0. -0.  1.  1.]]
[1. 1. 1. 1. 1. 1. 1.]